[back.jpg]
filters=crop64=1,50022effffc893;
crop=rect64(50022effffc893)
moddate=cbed9f9c2449d201
width=2460
height=1880
text=1;162;36;         Bertha's &#010;Deluxe Chocolates;Bauhaus 93;0.061506,0.232763,0.135864,6.283185;v1,4294967295,4293454056,128.000000,1.000000,0.000000,1.000000,400,0,49152;;
textactive=1
[logoo.jpg]
moddate=6447e681a24ad201
width=884
height=884
text=1;156;30;Bertha's Deluxe&#010;    Chocolates;Bauhaus 93;0.104616,0.351567,0.116888,6.283185;v1,4294967295,4293454056,128.000000,1.000000,0.000000,1.000000,400,0,49152;;
textactive=1
